977.2803	3128
979.6332	3079
981.9855	3144
984.3372	3135
986.6863	3114
989.0348	3089
991.3866	3113
993.7338	3169
996.0805	3170
998.4285	3104
1000.774	3229
1003.119	3448
1005.465	3610
1007.81	3349
1010.153	3378
1012.497	3369
1014.839	3387
1017.18	3491
1019.523	3490
1021.862	3484
1024.202	3540
1026.542	3558
1028.88	3559
1031.22	3646
1033.554	3669
1035.891	3803
1038.228	3769
1040.563	3801
1042.897	3863
1045.233	3947
1047.564	3891
1049.897	3957
1052.23	3950
1054.562	4046
1056.892	4056
1059.222	4218
1061.552	4289
1063.881	4252
1066.209	4243
1068.536	4246
1070.863	4141
1073.19	4164
1075.515	4145
1077.841	4114
1080.165	3950
1082.487	3980
1084.812	3931
1087.133	3857
1089.455	3863
1091.777	3826
1094.098	3790
1096.416	3769
1098.737	3705
1101.055	3843
1103.371	3910
1105.691	3775
1108.006	3786
1110.321	3845
1112.639	3869
1114.952	3801
1117.265	3864
1119.581	4023
1121.893	3968
1124.206	4000
1126.516	4139
1128.826	4189
1131.139	4114
1133.448	3938
1135.756	3844
1138.065	3714
1140.372	3619
1142.678	3578
1144.986	3443
1147.291	3431
1149.595	3429
1151.901	3404
1154.204	3391
1156.507	3354
1158.811	3383
1161.112	3306
1163.413	3299
1165.715	3234
1168.015	3179
1170.316	3156
1172.614	3170
1174.912	3245
1177.209	3109
1179.506	3178
1181.802	3044
1184.099	3002
1186.394	3123
1188.687	3139
1190.982	3051
1193.275	3096
1195.566	3111
1197.859	3095
1200.151	3153
1202.439	3188
1204.731	3272
1207.021	3196
1209.308	3244
1211.598	3218
1213.884	3259
1216.173	3186
1218.457	3228
1220.743	3267
1223.028	3246
1225.313	3172
1227.595	3239
1229.881	3411
1232.162	3384
1234.442	3445
1236.726	3480
1239.005	3418
1241.286	3538
1243.566	3528
1245.843	3527
1248.12	3502
1250.4	3547
1252.676	3570
1254.951	3529
1257.227	3501
1259.503	3532
1261.778	3502
1264.051	3484
1266.323	3531
1268.597	3531
1270.868	3488
1273.138	3415
1275.411	3358
1277.681	3364
1279.949	3361
1282.219	3368
1284.487	3444
1286.754	3446
1289.022	3443
1291.287	3398
1293.553	3351
1295.819	3416
1298.081	3419
1300.344	3472
1302.609	3396
1304.871	3437
1307.135	3396
1309.396	3458
1311.654	3344
1313.916	3414
1316.175	3467
1318.434	3403
1320.694	3432
1322.949	3450
1325.206	3428
1327.464	3421
1329.718	3346
1331.974	3384
1334.23	3331
1336.482	3451
1338.736	3470
1340.988	3368
1343.241	3386
1345.491	3371
1347.744	3271
1349.992	3352
1352.244	3282
1354.491	3188
1356.74	3245
1358.988	3157
1361.236	3232
1363.481	3239
1365.729	3285
1367.974	3255
1370.217	3230
1372.464	3187
1374.706	3189
1376.948	3258
1379.191	3132
1381.433	3128
1383.673	3130
1385.914	3136
1388.153	3059
1390.393	3026
1392.633	3054
1394.87	2984
1397.108	2999
1399.344	2973
1401.579	2889
1403.816	2949
1406.05	2924
1408.286	2861
1410.521	2842
1412.753	2979
1414.985	2968
1417.218	2964
1419.449	2911
1421.678	2939
1423.909	2934
1426.138	2991
1428.367	2931
1430.596	2942
1432.824	3015
1435.051	3058
1437.279	3069
1439.502	3181
1441.729	3292
1443.954	3280
1446.178	3366
1448.403	3490
1450.624	3545
1452.846	3522
1455.07	3545
1457.289	3603
1459.509	3681
1461.731	3633
1463.949	3663
1466.167	3642
1468.386	3600
1470.603	3495
1472.82	3490
1475.037	3341
1477.253	3288
1479.466	3206
1481.683	3092
1483.896	3050
1486.109	2974
1488.322	2852
1490.533	2795
1492.747	2808
1494.957	2717
1497.166	2738
1499.378	2631
1501.586	2523
1503.793	2509
1506.003	2573
1508.21	2544
1510.415	2552
1512.622	2571
1514.829	2506
1517.033	2574
1519.238	2553
1521.441	2548
1523.643	2527
1525.848	2593
1528.049	2574
1530.252	2588
1532.452	2626
1534.651	2564
1536.852	2581
1539.05	2608
1541.248	2614
1543.447	2593
1545.644	2708
1547.84	2713
1550.037	2789
1552.232	2712
1554.427	2754
1556.623	2795
1558.814	2838
1561.007	2853
1563.201	2905
1565.392	2922
1567.584	2935
1569.776	2935
1571.964	3066
1574.155	3056
1576.344	3088
1578.532	3165
1580.72	3110
1582.907	3150
1585.094	3164
1587.28	3171
1589.466	3217
1591.649	3131
1593.835	3217
1596.019	3180
1598.2	3262
1600.385	3436
1602.565	3312
1604.747	3465
1606.928	3569
1609.109	3516
1611.287	3608
1613.468	3592
1615.645	3614
1617.825	3672
1620.001	3807
1622.177	3738
1624.355	3768
1626.529	3769
1628.703	3850
1630.88	3949
1633.053	3928
1635.225	3936
1637.398	3890
1639.571	3978
1641.741	3988
1643.913	4012
1646.082	4023
1648.251	4112
1650.421	4117
1652.591	4086
1654.758	4054
1656.926	4130
1659.093	4196
1661.26	4122
1663.425	3992
1665.589	3993
1667.755	3983
1669.918	3827
1672.081	3818
1674.245	3733
1676.407	3652
1678.568	3503
1680.73	3504
1682.89	3378
1685.048	3389
1687.209	3287
1689.367	3146
1691.525	3124
1693.684	3022
1695.841	2964
1697.995	2894
1700.153	2754
1702.308	2717
1704.463	2725
1706.617	2672
1708.77	2638
1710.923	2527
1713.076	2534
1715.228	2593
1717.379	2405
1719.53	2499
1721.68	2402
1723.83	2350
1725.979	2362
1728.126	2340
1730.276	2247
1732.422	2253
1734.569	2248
1736.715	2217
1738.859	2241
1741.005	2206
1743.15	2127
1745.294	2152
1747.438	2161
1749.579	2122
1751.722	2123
1753.864	2074
1756.004	2038
1758.145	2099
1760.286	2051
1762.424	1965
1764.562	2023
1766.701	2016
1768.839	1955
1770.975	2032
1773.112	1985
1775.247	1952
1777.382	1931
1779.518	1909
1781.651	1934
1783.786	1935
1785.92	1989
1788.052	1930
1790.185	1941
1792.315	1874
1794.446	1882
1796.577	1934
1798.705	1880
1800.833	1869
1802.963	1865
1805.091	1835
1807.218	1865
1809.346	1823
1811.472	1861
1813.597	1847
1815.722	1834
1817.846	1842
1819.97	1846
1822.095	1847
1824.216	1849
1826.339	1861
1828.462	1810
1830.583	1831
1832.704	1789
1834.824	1837
1836.943	1778
1839.062	1806
1841.181	1796
1843.297	1802
1845.417	1805
1847.532	1779
1849.648	1779
1851.764	1835
1853.879	1825
1855.992	1803
1858.108	1792
1860.22	1812
1862.334	1823
1864.446	1783
1866.558	1752
1868.668	1824
1870.78	1798
1872.89	1855
1875	1819
1877.108	1840
1879.217	1833
1881.326	1845
1883.432	1839
1885.537	1822
1887.646	1810
1889.751	1811
1891.855	1836
1893.96	1818
1896.063	1836
1898.166	1836
1900.27	1774
1902.373	1817
1904.474	1836
1906.576	1838
1908.676	1794
1910.775	1832
1912.876	1876
1914.974	1841
1917.074	1843
1919.171	1867
1921.268	1841
1923.366	1822
1925.46	1885
1927.555	1862
1929.652	1852
1931.746	1920
1933.84	1803
1935.935	1865
1938.027	1903
1940.118	1825
1942.211	1876
1944.302	1913
1946.393	1904
1948.483	1899
1950.572	1854
1952.661	1907
1954.75	1904
1956.838	1842
1958.927	1927
1961.012	1906
1963.099	1944
1965.184	1897
1967.27	1877
1969.353	1908
1971.439	1922
1973.521	1990
1975.604	1933
1977.687	1901
1979.77	1939
1981.85	1900
1983.933	1931
1986.012	1904
1988.092	1977
1990.172	1936
1992.249	1944
1994.328	1937
1996.406	1940
1998.482	1978
2000.559	2022
2002.636	1950
2004.71	1909
2006.786	1929
2008.859	1976
2010.933	1989
2013.008	1989
2015.079	1992
2017.151	2047
2019.223	2008
2021.294	1985
2023.363	2047
2025.434	2044
2027.503	2005
2029.573	2024
2031.642	2066
2033.71	1987
2035.776	2016
2037.843	2076
2039.908	2067
2041.975	2062
2044.04	2060
2046.104	2127
2048.169	2059
2050.233	2038
2052.295	2107
2054.359	2042
2056.419	2073
2058.48	2080
2060.542	2110
2062.603	2046
2064.661	2182
2066.721	2096
2068.78	2093
2070.838	2095
2072.896	2059
2074.953	2111
2077.009	2158
2079.065	2166
2081.121	2113
2083.176	2122
2085.23	2113
2087.283	2114
2089.338	2100
2091.391	2136
2093.442	2143
2095.494	2142
2097.545	2148
2099.595	2174
2101.647	2223
2103.695	2168
2105.745	2174
2107.794	2211
2109.84	2167
2111.888	2187
2113.936	2057
2115.981	2154
2118.028	2195
2120.074	2197
2122.117	2103
2124.162	2135
2126.207	2202
2128.249	2180
2130.292	2172
2132.334	2141
2134.375	2154
2136.417	2130
2138.458	2196
2140.497	2214
2142.538	2131
2144.576	2223
2146.614	2163
2148.653	2172
2150.69	2140
2152.726	2167
2154.763	2133
2156.799	2156
2158.833	2149
2160.869	2138
2162.903	2141
2164.937	2146
2166.969	2122
2169.001	2110
2171.035	2157
2173.066	2124
2175.097	2123
2177.127	2141
2179.157	2069
2181.187	2119
2183.217	2160
2185.244	2122
2187.272	2122
2189.301	2092
2191.326	2051
2193.352	2137
2195.38	2088
2197.403	2068
2199.428	2081
2201.453	2132
2203.477	2045
2205.501	2042
2207.523	2088
2209.545	2049
2211.567	2078
2213.588	2062
2215.608	2063
2217.628	2018
2219.648	2018
2221.666	2002
2223.687	2020
2225.703	2009
2227.719	2056
2229.739	1973
2231.754	2034
2233.769	2024
2235.786	2055
2237.8	2002
2239.814	2072
2241.828	2043
2243.842	2057
2245.856	2009
2247.867	2055
2249.878	2019
2251.89	2019
2253.9	1971
2255.911	1972
2257.922	2024
2259.93	2008
2261.938	2022
2263.947	1975
2265.954	1958
2267.961	1979
2269.969	2018
2271.974	1989
2273.979	1987
2275.985	1969
2277.989	1956
2279.991	1979
2281.996	1900
2283.999	1891
2286.002	1996
2288.004	1917
2290.005	1969
2292.006	1937
2294.006	1950
2296.006	1939
2298.007	1916
2300.004	1899
2302.002	1891
2304.001	1950
2305.999	1907
2307.994	1933
2309.992	1889
2311.986	1912
2313.981	1876
2315.978	1887
2317.97	1911
2319.964	1894
2321.958	1848
2323.951	1909
2325.943	1913
2327.935	1924
2329.925	1883
2331.917	1930
2333.906	1836
2335.896	1889
2337.886	1869
2339.873	1911
2341.862	1902
2343.85	1876
2345.836	1857
2347.823	1875
2349.81	1900
2351.794	1836
2353.78	1849
2355.765	1861
2357.749	1839
2359.731	1859
2361.715	1882
2363.698	1891
2365.681	1839
2367.662	1825
2369.642	1851
2371.624	1855
2373.603	1806
2375.582	1854
2377.562	1832
2379.539	1862
2381.517	1837
2383.495	1836
2385.472	1848
2387.448	1844
2389.425	1838
2391.4	1840
2393.374	1853
2395.35	1834
2397.323	1875
2399.297	1821
2401.269	1905
2403.241	1855
2405.215	1795
2407.186	1849
2409.156	1862
2411.127	1752
2413.096	1820
2415.066	1855
2417.036	1810
2419.003	1832
2420.971	1836
2422.94	1801
2424.905	1839
2426.872	1845
2428.838	1815
2430.803	1751
2432.768	1808
2434.733	1779
2436.697	1822
2438.659	1758
2440.624	1763
2442.585	1834
2444.549	1774
2446.509	1804
2448.468	1807
2450.431	1824
2452.389	1799
2454.349	1796
2456.309	1839
2458.266	1793
2460.224	1832
2462.182	1835
2464.138	1780
2466.094	1818
2468.052	1863
2470.006	1843
2471.96	1768
2473.916	1871
2475.87	1776
2477.823	1846
2479.777	1817
2481.728	1813
2483.681	1749
2485.632	1793
2487.582	1767
2489.533	1864
2491.483	1826
2493.432	1870
2495.382	1847
2497.33	1846
2499.277	1869
2501.226	1837
2503.172	1857
2505.118	1794
2507.066	1856
2509.011	1822
2510.955	1813
2512.901	1805
2514.844	1812
2516.787	1871
2518.731	1827
2520.674	1853
2522.617	1770
2524.557	1840
2526.498	1833
2528.44	1841
2530.38	1861
2532.318	1809
2534.259	1826
2536.196	1806
2538.134	1907
2540.073	1806
2542.009	1859
2543.946	1825
2545.882	1795
2547.818	1810
2549.752	1821
2551.688	1880
2553.621	1860
2555.555	1823
2557.489	1844
2559.422	1868
2561.354	1856
2563.287	1797
2565.217	1856
2567.148	1862
2569.079	1890
2571.008	1861
2572.938	1881
2574.867	1867
2576.794	1883
2578.723	1838
2580.649	1837
2582.577	1827
2584.504	1837
2586.429	1849
2588.354	1895
2590.28	1878
2592.205	1902
2594.128	1883
2596.053	1899
2597.975	1898
2599.898	1881
2601.82	1931
2603.741	1864
2605.663	1858
2607.583	1860
2609.503	1902
2611.423	1912
2613.342	1891
2615.26	1886
2617.18	1942
2619.097	1879
2621.014	1944
2622.93	1954
2624.846	1878
2626.762	1913
2628.678	1950
2630.593	1930
2632.506	1961
2634.421	1915
2636.334	1975
2638.249	1940
2640.159	1965
2642.071	1931
2643.984	1993
2645.894	1990
2647.804	1938
2649.716	1917
2651.624	1975
2653.533	1922
2655.442	1986
2657.35	1925
2659.256	1891
2661.165	1924
2663.071	1945
2664.977	2025
2666.883	1991
2668.789	2012
2670.692	1998
2672.598	2004
2674.501	1979
2676.405	1993
2678.308	1988
2680.209	2017
2682.112	2079
2684.014	1991
2685.914	2069
2687.815	2019
2689.716	2061
2691.614	2138
2693.514	2120
2695.412	2104
2697.309	2164
2699.209	2122
2701.105	2162
2703.001	2088
2704.898	2242
2706.793	2238
2708.688	2233
2710.583	2223
2712.477	2208
2714.372	2272
2716.265	2265
2718.157	2227
2720.05	2262
2721.942	2346
2723.833	2377
2725.725	2425
2727.615	2378
2729.505	2400
2731.396	2418
2733.284	2417
2735.171	2476
2737.061	2447
2738.948	2415
2740.835	2467
2742.723	2428
2744.608	2417
2746.493	2387
2748.38	2422
2750.263	2395
2752.149	2431
2754.033	2475
2755.915	2408
2757.8	2426
2759.682	2466
2761.563	2451
2763.446	2485
2765.326	2498
2767.207	2471
2769.087	2564
2770.967	2417
2772.845	2501
2774.725	2515
2776.602	2524
2778.48	2509
2780.358	2541
2782.235	2562
2784.111	2547
2785.987	2572
2787.863	2560
2789.739	2592
2791.612	2636
2793.487	2571
2795.361	2650
2797.233	2704
2799.105	2723
2800.979	2798
2802.85	2649
2804.721	2707
2806.592	2764
2808.462	2820
2810.333	2878
2812.203	2912
2814.071	2922
2815.939	2902
2817.808	2945
2819.675	3038
2821.541	3081
2823.409	3091
2825.275	3084
2827.141	3156
2829.006	3259
2830.87	3254
2832.736	3303
2834.599	3455
2836.462	3449
2838.326	3471
2840.187	3693
2842.049	3805
2843.912	3879
2845.772	3978
2847.633	4260
2849.494	4454
2851.353	4626
2853.212	4668
2855.072	4736
2856.928	4810
2858.786	5001
2860.645	5182
2862.501	5278
2864.359	5452
2866.215	5610
2868.069	5915
2869.926	6202
2871.779	6655
2873.633	6724
2875.489	7095
2877.341	7344
2879.194	7423
2881.046	7644
2882.899	7826
2884.749	8090
2886.6	8094
2888.451	8278
2890.3	8525
2892.152	8530
2894	8651
2895.847	8566
2897.698	8677
2899.544	8743
2901.392	8765
2903.238	8721
2905.085	8821
2906.932	8787
2908.776	8783
2910.621	8811
2912.468	8899
2914.311	9033
2916.154	9162
2917.998	9393
2919.84	9480
2921.682	9648
2923.524	9652
2925.365	9773
2927.205	9924
2929.047	10206
2930.886	10201
2932.725	10333
2934.566	10469
2936.404	10704
2938.243	10853
2940.081	10985
2941.917	10973
2943.756	10990
2945.592	11077
2947.427	10862
2949.264	10549
2951.097	10384
2952.932	10253
2954.767	9993
2956.601	9847
2958.434	9756
2960.267	9609
2962.099	9411
2963.931	9279
2965.762	9093
2967.593	8917
2969.424	8989
2971.254	8859
2973.083	8807
2974.915	8766
2976.742	8833
2978.57	8544
2980.398	8513
2982.226	8686
2984.052	8426
2985.88	8308
2987.705	8208
2989.531	8135
2991.356	7991
2993.181	8093
2995.004	8075
2996.829	8020
2998.652	7962
3000.474	7652
3002.297	7678
3004.12	7723
3005.94	7696
3007.762	7726
3009.583	7570
3011.404	7726
3013.223	7856
3015.042	7730
3016.861	7760
3018.68	7926
3020.498	7789
3022.316	7898
3024.133	8021
